2
0.000 0.000 0.000
0.100 0.050 0.000
0.200 0.100 0.000
0.300 0.190 0.000
0.400 0.300 0.000
0.500 0.400 0.000
0.600 0.500 0.000
0.700 0.600 0.000
0.800 0.700 0.000
0.900 0.800 0.000
1.000 0.900 0.000
1.100 0.000 1.000
1.200 0.000 1.010
1.300 0.000 1.020
1.400 0.000 2.000
1.500 0.000 2.000
1.600 0.000 4.000
1.700 0.000 4.090
1.800 0.000 5.000
1.900 0.000 4.000
2.000 0.000 2.000
-1.00 0.000 0.000
60.063 -28.247 20.743
60.165 -28.292 20.564
60.267 -28.430 20.522
60.370 -28.442 20.456
60.471 -28.476 20.337
60.573 -28.638 20.146
60.676 -28.938 20.071
60.781 -29.181 19.92
60.885 -29.163 19.891
60.993 -29.252 19.84
61.097 -29.269 19.701
61.201 -29.340 19.658
61.302 -29.319 19.586
61.404 -29.453 19.365
61.507 -29.621 19.112
61.608 -29.912 19.067
61.710 -30.145 18.923
61.811 -30.221 18.872
61.918 -30.291 18.892
62.020 -30.365 18.788
62.122 -30.462 18.663
62.223 -30.683 18.633
62.332 -31.042 18.653
62.436 -31.328 18.606
62.537 -31.913 18.621
62.638 -32.051 18.531
62.740 -32.824 18.672
62.841 -32.802 18.745
62.942 -32.756 18.752
63.044 -32.655 18.718
63.147 -32.207 18.516
63.249 -32.002 18.066
63.350 -31.847 17.958
63.452 -31.565 17.685
63.555 -31.320 17.205
63.656 -30.980 16.569
63.837 -30.829 16.044
63.940 -30.632 16.115
64.044 -30.407 16.049
64.145 -30.176 16.052
64.250 -29.799 16.266
64.352 -29.582 16.433
64.456 -29.283 17.090
64.559 -29.019 17.464
64.667 -28.514 18.610
-1.00 0.000 0.000